100 100
85 15 16 52 13 76 19 49 28 48 58 78 14 19 96 49 35 39 10 97 61 67 34 48 97 33 97 46 44 47 26 97 46 30 59 3 4 17 44 60 58 25 93 19 2 1 70 80 100 19 64 92 52 51 58 12 50 28 1 59 34 28 11 72 4 68 34 99 95 3 86 68 87 10 35 60 75 74 98 49 13 38 2 36 58 46 75 41 18 64 39 21 6 6 39 67 17 57 2 57 
61 22 53 7 79 84 56 53 69 55 100 60 57 46 53 54 71 25 60 33 42 11 99 60 91 64 3 3 56 15 91 11 68 49 68 69 31 93 56 37 34 66 30 20 16 29 49 69 95 7 79 29 10 63 44 27 14 35 6 24 61 95 86 11 24 94 80 27 66 60 32 10 97 53 58 9 98 23 100 83 100 70 33 46 50 90 52 28 99 48 99 88 67 28 59 83 41 23 37 49 
63 96 17 48 34 14 94 83 22 32 42 75 93 35 65 86 79 37 46 30 6 60 22 60 16 14 89 83 75 91 40 27 73 43 71 35 11 32 69 43 37 93 12 65 13 29 47 72 67 33 43 7 87 90 43 99 26 17 49 61 73 66 8 32 4 46 62 95 84 73 4 82 14 97 17 96 89 79 42 98 3 23 29 32 42 94 67 10 44 65 72 98 16 72 24 87 47 20 23 50 
19 61 46 51 55 37 69 57 85 16 41 8 65 99 42 26 82 39 18 32 73 31 8 25 8 60 78 40 81 77 42 44 68 73 36 61 37 46 89 70 50 1 44 89 55 92 18 65 74 67 47 70 15 48 67 4 78 34 14 51 74 73 98 49 27 82 53 72 83 33 13 8 15 38 16 73 61 85 20 51 10 86 57 97 15 43 36 31 27 27 53 79 12 81 75 28 18 67 45 13 
57 66 85 4 71 94 92 3 6 87 64 75 6 4 57 59 86 97 48 12 90 8 76 91 32 79 54 48 67 46 38 39 68 55 33 100 58 4 70 63 93 37 40 49 81 91 5 27 8 11 84 74 16 69 76 78 47 3 88 39 33 21 39 59 39 23 23 81 73 4 31 41 19 64 72 2 55 46 80 26 42 23 34 56 93 4 53 92 81 42 5 9 73 80 46 38 96 8 44 28 
75 77 14 47 80 67 22 39 94 77 18 86 93 79 92 88 14 62 87 60 74 83 38 64 22 46 25 64 48 47 84 44 68 84 90 84 67 27 73 90 56 59 97 66 76 16 30 92 90 98 70 13 35 73 56 20 40 65 12 67 64 76 55 20 22 43 80 94 35 77 34 69 92 33 32 86 60 93 83 22 68 65 39 97 32 41 68 13 28 22 83 40 77 23 96 1 48 29 27 21 
20 58 27 25 94 23 51 31 9 86 41 76 4 69 20 23 73 85 58 83 15 84 47 27 18 53 50 29 15 79 83 82 37 9 89 38 15 29 99 59 44 62 65 18 82 27 56 99 20 77 84 71 26 88 52 86 45 34 46 74 19 74 21 32 93 78 43 63 94 5 76 10 15 77 21 69 5 83 7 90 82 64 93 12 16 91 17 56 51 32 99 23 86 29 24 24 97 71 28 28 
83 31 74 75 9 97 91 36 71 70 45 49 33 44 96 50 72 62 53 27 36 40 94 8 3 57 78 88 73 74 41 100 6 74 89 18 19 21 97 87 63 79 94 12 80 59 24 6 38 44 64 44 97 5 36 50 12 50 69 47 22 1 13 96 13 1 55 85 83 83 55 34 3 12 81 98 44 35 54 53 16 15 46 30 50 7 89 82 77 12 32 78 38 73 12 46 4 68 85 45 
90 46 5 52 56 8 59 65 80 13 92 54 48 14 74 60 94 64 100 74 77 14 86 55 40 38 53 20 94 98 50 73 89 55 71 5 63 16 17 73 57 49 69 64 94 61 74 85 14 59 91 5 58 16 37 12 24 75 49 53 10 49 91 60 63 51 65 69 32 4 79 57 68 67 16 46 48 83 94 65 94 12 85 63 19 17 29 92 93 14 100 19 87 45 87 33 73 18 5 32 
36 37 6 23 44 90 78 88 13 55 19 68 8 43 46 77 53 43 92 4 19 89 75 31 15 36 81 26 11 46 84 28 99 52 44 24 64 57 56 28 18 51 90 91 58 5 75 7 12 87 76 76 2 20 26 33 9 57 3 57 92 17 64 40 63 85 86 29 17 55 91 43 4 85 82 64 83 80 41 96 31 58 77 28 70 83 20 77 52 29 41 12 13 100 11 35 36 4 44 54 
6 94 2 99 35 11 73 27 26 33 52 66 21 71 75 89 38 80 30 90 85 1 27 88 97 85 43 91 12 68 57 98 52 15 93 81 46 81 31 74 41 19 40 58 44 88 57 66 36 92 45 86 66 40 56 8 49 88 90 10 57 24 18 35 68 69 58 50 56 83 12 70 14 82 52 7 71 70 37 67 96 33 5 68 15 99 20 60 78 98 90 61 8 21 64 10 31 43 65 77 
24 27 88 70 49 98 36 7 62 17 89 78 14 5 2 30 32 83 57 86 6 79 26 50 93 24 42 70 69 82 54 67 7 55 4 50 96 89 74 29 53 89 49 40 96 11 47 54 43 35 37 30 33 5 9 37 72 75 47 93 94 67 13 21 85 96 63 54 1 70 70 80 77 50 82 71 39 11 70 43 39 78 73 64 2 42 14 76 58 92 74 32 87 6 67 35 73 75 8 88 
16 78 84 65 11 62 82 36 86 99 74 27 49 86 29 50 93 58 37 23 44 58 15 86 90 10 86 49 95 36 49 88 57 80 99 98 69 42 45 92 3 10 91 13 37 4 79 36 49 74 79 63 90 64 24 74 97 63 28 74 38 84 95 100 3 35 70 6 97 64 100 40 15 51 28 19 24 98 27 47 25 8 9 22 96 97 20 82 47 62 49 58 55 48 49 80 13 84 61 29 
58 55 62 56 100 48 35 90 89 37 7 64 90 43 46 93 61 8 36 27 33 40 48 6 23 24 26 4 56 41 39 9 80 76 27 86 73 66 68 38 85 4 38 28 26 39 12 52 78 94 97 40 69 31 32 36 68 29 95 60 4 32 6 15 10 52 34 21 30 88 89 84 51 17 84 37 27 97 70 95 93 81 30 21 11 42 96 78 74 73 83 86 70 10 92 27 19 75 38 44 
35 65 67 37 93 32 46 21 67 22 7 56 81 24 19 25 15 16 80 33 8 63 13 83 13 100 73 25 54 64 60 62 27 62 65 16 1 95 89 26 14 28 82 6 2 17 24 84 100 93 9 65 51 23 40 3 70 100 7 2 45 26 30 51 70 71 20 58 57 54 32 25 62 63 51 57 9 97 93 78 32 77 3 54 56 45 40 33 1 69 37 80 30 97 88 71 49 94 33 12 
21 26 55 27 45 78 96 39 53 59 85 13 55 29 10 45 95 75 74 54 8 27 21 100 2 99 24 46 25 41 77 61 21 55 7 70 42 24 61 12 79 18 4 19 68 82 2 7 41 28 14 55 88 57 3 69 89 14 14 38 88 10 16 54 86 37 49 25 32 92 44 61 60 17 22 49 22 67 12 83 47 94 30 62 34 25 2 44 76 14 53 36 50 31 9 46 4 45 3 93 
8 38 36 67 39 83 21 86 61 58 63 35 67 72 33 1 26 90 79 22 4 82 53 65 10 6 21 73 72 69 17 39 48 28 39 93 83 5 35 24 93 32 99 61 8 93 65 79 27 50 31 47 82 45 30 73 82 73 59 31 39 94 90 40 3 97 7 46 1 86 67 35 12 81 47 4 17 25 42 85 78 100 44 6 75 22 60 10 31 38 74 34 38 37 36 22 82 73 2 86 
56 80 37 53 84 1 44 54 97 27 100 95 30 34 79 1 3 40 59 72 21 52 26 42 98 51 52 92 94 65 9 41 22 77 60 64 54 77 27 12 62 46 18 46 11 73 17 15 100 78 67 34 25 17 94 91 86 5 81 23 82 82 14 97 94 53 28 29 28 73 1 100 73 61 7 75 62 92 69 22 94 35 73 36 99 10 29 22 87 29 66 89 44 36 95 68 4 100 47 62 
34 69 69 83 92 46 51 68 21 38 40 47 34 5 65 23 9 29 61 25 4 7 39 6 69 85 73 66 56 17 63 74 27 35 100 88 42 37 29 66 12 30 5 27 62 87 57 74 42 75 77 97 54 85 96 49 24 27 47 77 85 9 80 47 73 3 93 95 66 64 60 90 20 91 36 26 14 24 98 73 38 31 29 20 36 39 88 83 96 52 30 91 14 69 47 16 6 16 38 97 
73 64 70 1 42 67 73 84 46 89 26 19 33 90 5 53 51 9 92 78 69 99 38 18 6 72 18 52 54 65 98 26 55 41 36 26 48 37 59 43 73 51 8 20 50 19 96 67 67 9 52 38 62 39 9 44 7 36 12 61 53 68 11 72 18 42 31 84 64 64 73 29 67 27 3 82 2 92 50 85 21 64 98 35 19 64 69 74 20 18 73 62 49 31 92 67 32 9 47 93 
24 59 53 93 72 10 94 95 71 27 96 5 55 23 54 44 22 95 26 10 38 43 39 48 72 32 91 54 14 36 68 87 8 38 74 67 59 64 29 21 58 27 24 9 91 72 41 88 30 85 43 63 77 54 84 23 81 25 68 55 36 66 24 69 22 29 99 28 94 26 38 93 90 75 71 27 10 6 87 79 96 15 52 51 77 27 37 28 17 67 97 79 34 40 90 78 89 33 65 100 
77 38 92 7 10 19 51 1 33 34 52 93 15 26 49 77 46 80 76 67 36 99 26 4 89 35 39 38 51 79 23 67 65 98 41 26 57 11 72 20 65 26 57 77 89 47 37 83 44 30 89 96 33 11 94 27 34 64 39 23 69 75 64 6 35 42 30 4 54 4 19 2 36 12 26 52 86 56 49 80 8 63 49 34 14 96 31 48 42 33 15 29 56 27 95 71 47 26 74 70 
48 90 27 88 43 18 63 98 17 84 24 62 38 47 16 79 91 98 96 34 54 59 37 99 1 1 50 79 45 2 12 58 86 97 3 80 51 81 36 25 54 76 49 97 23 90 37 64 1 2 60 34 14 13 70 83 60 75 34 75 87 36 31 2 70 12 45 6 76 70 27 100 39 12 96 85 67 14 97 29 50 67 69 26 22 46 1 41 86 66 73 13 31 80 86 79 79 8 56 11 
70 78 56 23 37 97 52 15 67 35 100 8 19 41 20 53 95 2 93 41 92 38 28 78 65 60 90 20 32 60 51 28 69 67 82 95 33 3 39 63 9 65 42 58 4 70 82 97 46 94 73 58 77 9 81 84 65 32 37 92 81 50 78 63 83 2 20 87 57 41 16 58 88 54 37 53 90 23 41 47 66 77 84 13 46 9 38 28 63 39 51 30 17 50 2 37 61 46 55 2 
35 14 79 65 87 33 78 91 70 29 85 42 19 48 90 47 1 85 97 44 24 64 47 68 23 12 64 72 45 70 39 41 55 6 98 78 71 71 61 59 97 50 83 37 15 53 59 14 41 23 2 69 13 38 62 89 69 74 10 18 38 38 6 92 40 54 79 66 53 89 78 61 49 90 64 11 46 5 49 84 81 45 13 21 92 90 41 47 4 56 20 48 49 30 55 37 85 33 79 26 
73 79 31 75 39 46 41 95 79 81 43 1 43 27 69 40 96 41 100 7 75 41 15 18 85 95 31 82 90 24 49 18 52 24 68 24 3 94 43 35 74 87 15 33 59 7 57 69 21 54 11 40 88 46 94 13 1 90 5 12 93 9 82 63 11 93 86 52 46 21 56 27 58 1 91 20 84 26 38 29 9 68 94 37 15 35 89 36 62 8 41 45 37 48 4 32 44 92 61 27 
30 98 86 50 85 67 28 61 67 90 17 19 81 49 9 19 4 9 89 24 27 68 4 31 48 97 54 35 49 74 53 6 33 67 48 69 74 22 57 65 19 34 17 58 29 40 1 87 26 96 3 27 12 44 32 36 21 76 30 77 51 8 8 5 98 76 7 95 80 11 81 66 45 91 14 45 5 77 51 69 11 80 59 86 56 44 48 100 14 72 7 26 28 26 28 54 5 72 30 39 
32 89 17 24 84 52 23 58 4 87 34 7 56 83 33 87 30 66 18 36 8 30 13 52 21 86 4 43 67 5 73 97 74 10 54 22 1 93 55 49 52 3 8 75 23 54 4 68 86 39 58 81 53 23 5 67 7 22 24 10 21 16 72 88 73 92 81 34 5 10 94 37 8 34 72 87 72 61 70 85 42 81 75 39 21 50 49 94 38 75 62 72 64 27 100 5 89 90 73 91 
100 38 56 43 73 65 18 6 32 83 95 43 10 8 62 100 14 53 81 47 4 38 24 59 60 46 98 55 42 67 83 49 47 17 3 83 30 81 3 64 44 63 53 61 28 98 59 90 100 76 48 23 68 69 30 84 40 5 46 100 17 51 89 13 67 4 8 23 56 74 24 26 29 13 58 63 49 37 65 71 11 43 81 50 99 1 3 70 66 38 97 24 96 60 13 35 48 20 54 33 
34 17 1 66 76 21 67 63 63 82 77 62 81 57 32 49 69 44 90 5 91 31 63 70 50 93 81 97 36 87 75 84 7 20 70 54 67 74 76 74 2 10 34 94 53 80 7 60 18 72 14 88 17 23 37 54 84 81 77 20 9 29 49 46 27 99 45 81 72 12 49 75 39 87 21 78 15 40 12 57 95 22 95 75 13 76 53 67 79 8 85 12 99 66 79 87 91 81 81 5 
97 79 50 95 95 100 65 8 69 81 71 91 96 100 32 55 76 66 19 41 11 56 37 66 32 15 58 58 34 98 7 19 39 13 5 50 26 3 33 97 37 88 23 91 100 54 70 85 60 50 57 83 65 7 94 42 25 16 66 92 45 13 3 72 63 7 48 74 28 43 98 78 39 77 56 88 67 51 33 74 92 99 82 23 51 14 6 89 6 78 95 69 11 25 14 69 90 64 36 64 
81 85 7 3 82 50 52 41 71 81 82 32 93 10 22 1 66 95 16 28 53 47 97 67 14 51 11 66 79 68 6 7 93 70 59 26 32 99 91 58 34 10 61 4 27 18 81 32 58 5 93 62 25 68 40 81 51 78 57 84 95 66 58 31 63 37 12 90 89 40 3 90 82 74 43 4 32 79 66 20 93 74 59 50 25 33 72 22 79 31 52 55 97 95 83 21 97 55 31 95 
56 28 3 88 87 9 61 51 31 86 12 78 47 28 67 10 16 50 3 60 71 46 85 15 88 1 71 1 49 87 36 60 71 10 84 2 44 26 21 49 18 15 12 3 90 41 88 90 13 29 6 22 30 15 78 22 53 76 61 12 38 25 12 34 68 70 1 69 78 20 80 20 60 81 77 44 90 39 54 51 72 34 55 19 2 67 78 85 3 56 84 81 83 49 22 59 85 17 67 39 
16 89 88 66 15 74 32 91 95 99 99 87 94 61 88 50 64 26 84 23 36 32 58 38 38 79 93 88 59 48 88 9 56 72 22 81 27 5 52 49 74 76 64 19 29 8 16 86 64 56 8 21 28 75 99 98 95 16 45 2 58 70 70 43 26 75 72 49 41 34 18 82 79 37 31 88 81 57 9 40 29 34 8 45 62 91 63 44 24 74 81 89 38 28 34 34 51 71 34 29 
16 5 12 36 31 85 26 69 95 36 30 19 12 25 77 1 12 54 83 71 51 31 8 49 1 35 13 9 24 47 65 4 82 51 29 19 12 76 33 59 53 49 62 25 55 29 56 14 5 24 33 22 54 99 57 41 36 93 76 30 32 64 4 100 47 75 85 5 27 63 53 32 65 10 97 80 47 84 59 68 37 10 47 84 76 53 36 77 40 82 14 47 6 34 55 47 19 77 42 89 
82 7 75 77 5 96 58 48 86 84 42 45 80 71 81 25 52 14 21 44 82 8 57 68 56 76 69 93 3 50 14 100 25 76 44 35 41 92 29 24 96 69 82 51 27 26 97 96 52 43 32 62 25 75 68 28 89 68 34 94 23 78 19 98 46 94 82 41 90 20 79 42 38 6 74 2 37 70 77 29 73 4 75 31 38 47 16 47 55 90 81 58 93 58 89 56 7 61 57 91 
48 95 5 62 52 12 17 17 54 11 87 52 74 82 2 83 29 89 34 92 6 39 90 2 60 80 79 60 36 2 1 6 78 95 75 75 61 30 50 71 14 33 86 72 37 32 92 34 34 67 55 51 58 2 42 2 81 98 48 44 98 64 19 40 10 42 8 28 33 2 65 93 91 86 91 85 53 19 4 95 86 69 43 98 82 21 100 100 86 11 65 26 14 26 89 4 3 82 56 65 
36 19 75 29 41 8 77 14 8 15 93 92 38 69 33 38 90 81 97 60 10 23 85 33 7 17 75 53 42 59 27 51 28 42 3 72 27 6 45 99 21 22 14 95 89 76 31 54 98 44 74 32 7 24 94 86 75 72 87 60 57 77 48 52 34 90 66 13 67 46 74 73 91 1 75 15 50 39 98 62 5 37 74 17 57 9 44 79 8 61 12 58 18 96 35 35 28 12 25 1 
86 6 70 77 7 37 82 44 81 79 51 6 71 73 14 23 93 72 46 46 54 35 2 90 33 38 70 4 40 48 83 12 8 53 33 55 39 19 45 20 70 64 57 80 22 49 96 97 32 32 85 2 69 81 92 56 96 62 26 67 70 10 82 67 95 83 58 39 79 99 59 18 99 89 65 94 80 55 29 82 23 68 25 24 46 71 36 61 31 37 99 48 99 50 72 10 38 44 69 37 
63 46 74 68 96 70 51 79 33 9 48 93 3 72 31 58 2 68 73 52 77 85 43 98 39 34 95 94 48 1 13 81 69 17 8 50 75 30 87 98 31 51 28 29 12 11 77 17 48 47 63 84 20 56 59 64 21 35 94 23 39 93 16 13 11 66 11 1 51 41 60 68 43 88 64 97 78 38 25 10 1 58 23 82 54 56 42 36 39 47 83 17 20 5 94 22 78 59 24 36 
3 47 42 58 2 45 42 86 8 49 21 7 89 100 1 81 38 61 87 64 27 35 48 78 91 43 98 85 55 41 99 48 60 11 43 84 83 37 67 89 31 2 41 72 40 95 38 17 85 11 7 29 76 46 88 99 65 96 46 34 48 63 74 28 46 94 46 80 8 69 64 58 54 26 77 96 73 27 29 73 81 76 96 93 32 97 99 74 37 13 96 75 1 4 92 44 16 62 15 77 
37 82 27 19 64 47 35 36 87 79 2 73 80 15 38 75 51 89 39 33 54 33 14 20 4 67 40 89 83 4 22 68 30 38 52 25 60 75 30 93 98 15 35 46 75 93 21 60 46 18 9 18 39 61 14 34 50 56 6 59 62 77 59 62 59 21 81 96 93 62 74 60 31 58 59 75 52 41 82 69 31 66 7 8 69 81 57 15 27 83 85 73 20 97 72 5 12 81 45 92 
75 18 62 28 78 86 68 87 25 91 40 84 81 37 100 53 66 25 71 12 47 21 45 11 1 10 16 83 33 98 47 89 24 40 51 66 80 67 78 10 52 51 51 30 97 23 69 48 58 21 100 76 85 73 94 67 43 53 45 49 85 100 53 31 84 38 7 70 68 3 66 25 94 81 60 6 89 28 34 96 37 63 100 97 15 89 17 1 29 26 62 14 32 68 98 55 29 96 15 78 
67 36 35 5 11 15 61 12 62 84 100 20 71 40 52 20 61 51 20 8 86 55 65 63 84 81 86 69 24 27 22 56 78 35 91 28 97 41 82 12 74 51 31 59 65 45 4 31 48 44 84 69 57 69 80 6 9 94 25 90 51 60 99 8 98 69 20 60 58 6 10 12 76 10 94 77 25 98 13 31 30 76 4 31 52 22 79 8 88 87 60 19 68 54 99 52 74 41 98 38 
100 35 20 68 60 84 23 96 8 95 4 27 13 62 92 55 33 80 89 12 37 43 54 1 33 80 88 37 65 82 6 77 65 55 78 31 100 56 45 76 55 86 50 25 83 91 55 89 21 93 37 73 54 25 88 38 55 37 71 43 96 20 56 49 44 12 57 41 39 47 7 56 81 90 24 9 41 100 78 19 34 6 77 96 81 50 100 3 13 32 26 36 52 16 87 44 47 90 42 76 
98 34 44 63 70 60 23 8 43 21 85 61 87 49 26 86 39 34 36 63 45 28 15 94 90 80 8 60 11 78 84 50 87 65 55 81 78 48 100 34 21 94 63 49 48 92 33 18 31 86 75 90 100 12 100 24 30 51 93 71 98 33 3 15 61 47 11 85 4 96 100 68 96 19 90 5 8 89 22 5 35 67 56 41 76 64 68 84 49 70 20 18 60 14 59 82 17 77 65 54 
59 45 17 7 78 69 46 64 96 65 53 45 38 33 42 27 36 16 50 58 52 64 92 9 26 29 85 60 67 41 8 95 16 29 33 84 97 16 10 67 41 58 54 98 92 81 21 45 36 35 66 12 89 86 43 10 6 66 73 55 30 46 58 79 78 87 79 18 1 90 97 37 39 35 54 35 26 17 28 5 98 31 42 89 2 76 47 75 56 12 22 20 88 62 29 23 31 86 56 62 
49 97 6 33 43 4 62 60 87 78 20 16 15 42 42 54 66 6 50 11 84 39 34 87 93 46 16 23 41 32 14 25 97 89 8 23 4 97 27 39 3 91 42 36 36 17 19 62 7 99 40 72 30 26 26 58 58 92 30 37 98 39 68 46 88 88 76 36 4 59 4 82 72 55 69 53 22 14 66 96 84 69 8 12 19 46 24 44 26 15 7 75 70 21 46 70 30 76 83 90 
98 66 71 5 41 30 22 12 80 17 48 75 58 51 79 56 25 5 54 26 20 5 62 44 29 95 72 10 11 10 98 18 86 59 31 91 23 92 29 17 22 11 51 74 56 76 85 16 66 50 46 20 20 64 42 71 34 2 47 43 90 60 3 75 93 74 76 79 92 19 57 88 23 79 49 55 94 68 71 37 5 2 26 92 34 51 18 3 84 12 89 82 15 90 66 50 100 72 95 50 
4 87 92 73 76 60 95 31 68 64 70 8 26 62 88 52 53 2 15 88 42 81 29 40 71 46 62 18 98 83 90 73 95 22 23 43 3 87 40 73 93 81 90 16 84 76 79 83 89 78 90 80 92 53 35 91 52 72 83 17 54 36 9 85 59 42 61 85 13 77 21 74 19 39 100 13 75 83 88 11 66 49 33 80 55 16 56 22 4 100 23 19 78 18 90 100 93 72 48 31 
40 32 16 44 13 54 3 67 53 58 3 53 91 42 13 43 16 57 32 95 18 32 9 23 41 97 92 8 77 27 30 35 51 10 29 16 85 42 12 87 63 42 11 15 6 5 94 81 39 92 31 92 41 31 63 72 37 99 28 63 97 6 14 3 12 89 18 9 25 63 4 57 27 82 40 26 36 72 65 15 21 87 97 78 77 67 78 73 79 97 56 86 76 68 97 99 15 62 14 64 
90 97 46 72 100 99 72 81 10 95 1 24 21 47 59 65 93 57 42 67 17 98 9 2 49 62 53 7 34 70 29 95 70 88 27 42 78 73 83 12 99 96 53 13 69 18 100 69 88 48 58 6 72 24 33 22 26 60 78 41 41 9 35 71 93 51 97 60 59 32 66 1 80 22 92 50 49 19 40 99 79 21 26 56 1 43 65 28 49 62 11 43 75 3 76 84 20 62 47 42 
48 86 32 60 24 3 51 48 89 13 66 80 5 44 74 74 67 70 78 10 85 52 86 73 26 44 41 30 69 14 87 85 21 49 52 85 51 66 82 87 75 97 57 97 59 16 3 62 80 26 20 96 25 91 9 28 12 85 60 95 67 77 35 19 57 17 14 85 20 45 42 47 89 45 28 50 37 74 17 45 57 83 57 82 28 56 84 99 24 20 10 45 7 55 96 38 93 99 94 64 
12 87 74 47 55 91 89 59 75 29 17 67 77 100 55 2 79 71 93 41 17 91 44 36 18 10 83 93 21 96 62 43 1 34 64 67 46 80 84 19 90 94 93 13 42 15 33 10 100 8 91 56 63 44 90 48 88 57 7 28 13 86 52 39 81 70 54 55 63 80 86 62 86 53 61 39 75 73 86 98 92 63 21 34 73 68 94 47 32 16 14 47 44 13 67 82 74 42 13 31 
5 43 21 83 12 45 75 82 78 95 72 6 93 3 73 63 93 57 96 96 32 23 82 95 28 95 31 84 46 68 90 6 3 49 53 36 21 42 97 76 25 76 14 63 52 31 18 32 47 3 22 58 74 30 81 21 6 83 27 11 86 48 61 31 28 38 81 70 84 31 33 3 49 97 2 14 42 88 91 38 66 52 40 31 17 65 37 57 18 88 13 96 42 9 34 7 65 10 1 29 
89 18 20 38 47 55 49 87 93 53 20 54 15 41 51 95 8 89 4 51 88 22 81 93 70 42 82 79 8 69 44 48 46 43 100 97 69 77 40 90 82 62 94 75 32 78 14 62 9 25 5 40 57 52 84 69 51 80 59 5 64 9 50 87 2 7 20 15 2 53 17 23 17 21 52 35 74 73 52 95 9 45 36 13 34 22 87 35 44 94 32 84 83 5 60 22 33 73 24 42 
86 60 35 97 53 59 56 44 82 52 7 22 26 73 32 15 14 4 29 60 69 85 72 40 47 14 38 24 3 65 12 32 52 38 15 68 72 12 75 61 12 91 97 36 100 82 90 94 45 94 95 100 34 50 67 22 52 95 7 27 31 62 36 51 73 77 83 7 64 85 60 82 53 64 10 43 82 74 56 80 13 65 96 44 80 100 51 51 79 97 75 56 3 92 48 27 15 89 84 45 
61 3 55 93 57 44 30 31 37 80 85 75 70 1 100 60 72 100 6 90 14 66 66 96 87 81 40 64 16 83 21 3 91 73 93 24 92 86 75 12 63 88 17 68 1 41 65 100 89 12 50 65 38 75 34 7 88 100 21 81 16 61 39 73 74 77 29 74 17 74 27 43 73 25 26 89 65 13 68 15 47 50 82 36 1 27 93 78 46 73 57 28 45 20 37 67 92 81 99 46 
44 95 38 48 35 36 49 91 4 18 53 70 89 79 86 39 86 41 41 25 39 78 76 49 87 91 96 60 31 78 58 83 75 66 45 81 67 90 94 94 8 94 53 83 81 35 76 23 10 82 75 66 78 50 91 79 17 27 89 91 23 79 56 3 79 69 79 51 60 13 73 92 59 4 35 9 81 67 61 9 29 81 22 56 85 32 50 99 16 61 95 48 93 8 21 83 19 61 55 60 
83 58 61 52 5 63 2 93 54 87 100 69 62 4 85 20 57 98 80 47 24 69 11 36 88 42 57 91 15 4 46 17 56 99 21 34 40 83 27 87 67 36 100 83 50 8 13 14 100 19 58 50 23 61 81 60 48 35 73 24 3 9 78 35 90 64 74 51 64 57 14 86 26 73 29 92 38 9 95 7 86 38 24 88 75 25 78 89 45 48 85 93 7 80 68 38 60 44 41 89 
51 80 26 32 40 63 27 1 45 90 3 54 14 33 5 55 81 80 17 92 34 76 54 79 67 46 12 27 28 98 64 28 75 14 83 89 84 14 74 7 98 17 68 9 95 28 44 53 84 28 19 54 28 29 34 56 48 34 84 89 31 69 36 68 93 19 11 4 81 35 15 20 8 72 43 46 52 31 17 19 48 38 79 70 28 74 65 21 95 58 90 3 75 2 58 65 18 93 96 85 
9 21 59 59 76 16 28 94 31 85 62 58 23 5 55 32 30 81 90 21 80 67 97 39 100 89 24 66 7 69 28 66 49 10 26 24 17 89 86 13 34 50 94 61 73 77 59 79 20 17 25 7 46 75 20 95 54 39 99 26 5 7 84 39 11 55 3 99 6 79 99 32 4 58 83 99 93 58 29 67 50 35 40 65 18 4 31 42 36 17 67 80 94 61 14 75 95 70 89 30 
97 93 27 25 42 97 45 40 60 10 4 8 42 13 73 75 47 37 45 18 22 78 34 36 65 59 52 53 38 7 98 95 87 80 83 6 2 41 64 91 69 20 19 20 99 98 56 53 82 82 15 54 32 71 87 18 38 39 44 75 68 85 43 53 73 26 88 60 93 53 57 66 41 96 92 73 10 50 11 10 27 78 98 96 93 54 8 43 58 18 92 43 51 79 51 92 37 40 81 25 
84 6 75 2 22 13 23 74 20 85 71 74 51 3 30 2 52 92 98 72 73 6 95 63 97 3 88 7 39 78 53 44 29 60 28 33 12 60 79 19 73 6 3 80 94 96 68 12 86 43 42 34 14 93 40 84 85 10 82 57 82 99 65 53 77 60 93 26 40 34 66 61 95 87 43 28 36 67 48 10 58 78 73 27 50 8 64 21 51 33 30 34 11 44 13 14 75 27 27 88 
22 75 9 94 46 73 59 84 40 34 83 6 86 37 38 40 81 56 19 100 95 34 64 69 36 31 46 63 20 43 70 97 38 92 31 70 69 21 94 27 97 37 65 14 3 75 45 68 67 28 50 70 39 26 3 53 40 44 12 91 76 62 11 34 96 14 86 29 29 76 92 39 47 23 28 88 76 13 69 64 64 3 87 20 50 77 17 39 79 73 38 74 98 98 53 85 100 29 82 69 
10 82 39 79 55 21 3 32 98 16 46 11 70 39 93 25 64 85 65 5 10 3 23 34 85 97 99 10 60 94 37 68 35 72 50 33 50 74 93 49 20 45 18 29 51 92 75 15 11 99 50 7 33 46 49 8 49 64 14 78 43 26 84 87 82 17 35 86 41 74 70 98 51 21 73 67 65 40 97 66 89 41 53 6 24 83 88 50 10 4 47 68 9 39 52 19 94 39 76 88 
27 1 73 40 21 24 19 74 4 94 88 48 45 83 56 9 95 91 45 18 78 75 18 26 69 79 90 17 27 18 43 99 41 30 85 72 6 61 56 15 27 8 24 49 52 29 90 77 77 84 13 7 32 64 18 96 23 76 49 31 40 50 2 2 93 62 66 40 39 84 58 14 76 56 85 47 94 93 54 16 75 88 38 3 7 22 73 33 82 20 78 66 66 68 56 62 61 99 30 100 
72 38 99 17 35 93 20 30 35 70 48 48 4 100 87 49 64 18 91 21 60 25 35 22 83 54 67 36 23 99 98 99 61 28 73 9 39 75 81 12 13 42 34 37 90 43 2 10 54 41 61 92 35 75 83 44 57 64 85 25 95 92 17 86 33 19 63 91 91 35 1 54 72 13 49 92 44 96 77 5 55 13 27 51 66 36 28 84 84 77 18 70 19 73 37 96 2 79 69 1 
12 62 54 86 13 10 34 39 49 14 83 7 1 84 16 15 13 50 97 34 6 15 11 19 81 7 35 6 98 65 71 42 57 61 62 57 2 27 87 83 25 100 49 81 33 66 98 93 60 77 1 43 95 8 43 44 24 42 22 54 98 91 35 64 17 41 57 47 95 44 92 57 86 98 8 90 32 97 38 38 23 74 1 31 86 83 70 5 53 77 63 56 99 15 87 54 87 4 51 1 
77 50 19 50 42 60 29 36 83 4 97 59 82 10 74 40 12 39 90 7 88 74 68 13 20 55 37 75 98 9 79 24 13 5 59 41 31 7 65 57 34 56 39 93 50 30 64 68 38 46 82 37 8 1 43 42 36 92 57 19 41 25 7 24 54 93 16 90 20 45 92 68 25 16 21 36 3 67 89 94 71 89 75 43 64 2 91 95 1 51 66 56 99 28 61 88 41 59 37 13 
43 56 58 39 85 34 41 99 79 85 30 99 18 61 18 27 22 57 74 17 48 12 56 41 76 76 85 54 80 71 83 87 52 28 52 91 62 32 72 63 44 22 33 37 24 86 45 72 2 17 19 19 98 37 57 65 35 4 86 23 10 26 73 89 2 69 70 21 79 57 12 5 30 2 73 91 65 100 19 69 76 84 51 49 88 80 41 51 9 17 19 84 67 12 21 83 65 88 75 17 
72 89 87 30 10 27 90 39 52 86 100 74 17 73 20 21 13 58 34 6 18 10 61 2 24 13 60 97 88 12 22 29 58 13 100 70 62 66 48 46 22 7 3 68 27 38 40 2 6 79 84 32 100 22 28 6 40 56 47 61 86 83 57 90 3 16 51 36 11 84 49 59 55 17 98 78 21 58 20 100 23 81 62 51 71 44 70 67 17 55 85 70 99 82 29 39 61 46 2 93 
86 59 97 14 49 37 29 61 26 27 94 98 72 83 96 13 7 66 41 47 10 4 28 30 96 31 18 28 95 48 34 11 42 17 27 42 100 56 96 36 13 28 23 96 28 75 12 74 80 91 61 25 79 81 9 83 36 13 99 6 4 40 75 37 16 79 58 38 47 59 11 40 89 59 85 41 66 54 68 63 9 11 29 57 92 67 15 100 34 49 17 33 62 17 63 52 42 90 31 25 
27 13 46 81 8 98 11 49 89 50 79 46 22 27 28 96 67 53 97 89 88 22 39 30 76 26 61 51 25 77 32 60 78 67 57 31 7 25 16 13 45 94 8 87 66 76 84 87 25 89 94 1 43 78 65 45 73 12 34 22 31 36 66 49 18 43 10 10 42 25 41 90 100 30 8 52 44 28 63 40 22 67 25 11 71 44 37 34 54 73 49 98 53 63 35 13 43 6 3 28 
23 88 34 77 71 60 37 12 31 41 83 73 52 65 30 61 78 92 10 1 2 32 45 35 65 48 11 2 81 32 38 73 45 18 42 58 57 14 9 44 34 34 39 15 63 12 6 17 22 58 57 26 98 67 3 15 32 7 70 40 18 21 53 99 28 32 85 92 51 56 39 12 50 76 10 16 6 14 6 56 17 69 54 87 7 80 1 9 52 42 97 75 11 70 86 39 96 94 46 22 
57 84 54 5 52 3 41 18 68 61 60 82 24 60 49 70 69 76 99 2 57 45 14 46 66 12 63 57 52 17 10 10 8 23 39 39 28 69 40 24 91 3 38 38 12 90 35 70 81 66 87 96 51 2 87 64 60 11 81 20 22 92 98 34 42 84 64 94 76 56 44 55 35 29 46 52 93 77 18 48 92 44 3 7 57 52 4 8 65 36 32 83 34 5 40 57 6 93 72 11 
17 64 99 52 25 74 43 86 51 2 74 19 55 31 11 53 74 73 67 15 87 81 8 51 91 25 70 93 28 82 79 20 78 36 18 8 5 14 28 82 73 83 83 77 83 94 94 2 36 70 33 93 32 51 30 50 81 44 54 18 57 24 32 62 7 78 39 50 14 8 58 35 87 16 87 52 52 72 25 78 70 66 72 51 70 17 31 83 17 23 72 31 44 14 29 54 35 63 5 6 
77 45 57 50 71 75 92 83 11 76 51 30 6 97 1 97 89 37 81 12 90 99 60 35 22 63 37 43 75 38 78 71 36 1 68 88 3 11 22 76 30 19 83 72 88 33 87 15 95 1 50 83 82 43 61 76 12 81 75 51 26 3 58 47 86 86 67 32 59 56 10 31 87 40 35 66 38 49 57 76 24 61 50 4 95 94 7 29 58 49 13 90 67 53 31 15 22 48 18 10 
84 7 8 30 80 52 48 10 72 99 8 21 13 22 99 88 45 68 14 25 23 89 30 79 81 76 46 16 21 57 11 99 9 19 92 72 70 2 55 96 66 71 61 2 55 88 24 83 90 46 52 28 32 43 38 80 95 99 56 83 97 74 97 13 81 72 43 31 15 75 9 40 67 95 16 98 14 87 12 12 5 88 17 82 74 6 75 15 75 8 8 8 29 98 30 84 69 43 85 92 
6 4 98 47 29 6 41 40 84 30 97 14 47 44 42 35 73 79 44 3 42 93 41 27 11 96 54 44 92 64 85 80 93 67 8 57 30 28 16 10 48 29 56 38 33 87 31 8 27 55 55 21 6 63 99 92 64 35 19 17 68 6 82 90 43 99 21 8 67 57 10 69 57 95 29 40 18 22 24 82 59 67 89 18 21 95 10 33 83 31 95 23 81 44 91 44 61 39 1 8 
94 14 53 26 66 71 12 83 33 18 23 50 72 23 87 16 50 77 37 58 43 28 75 86 58 63 85 10 91 20 7 6 58 33 39 53 61 64 59 46 87 47 49 31 85 70 31 35 80 96 93 68 42 82 89 79 51 69 37 95 79 52 46 58 43 89 56 31 87 37 83 59 49 2 42 18 52 32 68 7 13 88 72 49 70 44 11 15 77 20 64 27 1 16 72 53 8 8 33 22 
53 48 20 91 16 64 64 37 29 41 37 10 59 62 35 69 65 98 40 98 71 56 48 93 10 81 27 100 32 61 77 22 97 24 36 8 53 38 58 17 78 59 76 26 36 19 8 75 54 53 73 99 81 99 77 69 27 49 4 2 86 55 65 86 75 43 34 13 52 72 62 41 11 71 64 50 15 16 53 63 78 4 64 22 20 78 11 75 50 28 64 33 77 56 53 22 25 72 87 28 
13 81 93 20 77 32 58 3 75 98 52 40 17 74 23 81 16 38 34 12 38 66 68 11 10 25 100 51 64 21 28 2 70 18 44 68 4 52 71 34 37 10 77 73 33 28 6 20 97 85 18 76 94 68 86 70 9 90 13 41 8 96 40 67 46 40 75 4 36 78 95 18 88 17 45 19 65 47 69 74 73 3 20 54 54 54 57 35 59 7 29 56 28 71 14 10 24 34 70 16 
43 38 40 44 62 46 50 13 11 49 66 25 31 47 4 19 72 8 58 96 58 82 13 7 42 50 33 42 91 19 10 16 46 27 71 81 18 35 58 84 59 54 88 14 82 19 69 34 27 20 2 67 65 25 17 58 46 6 28 31 71 26 2 67 75 7 45 30 19 30 94 70 66 3 55 36 83 23 55 62 11 64 21 39 88 93 66 63 58 83 96 64 50 93 7 78 48 85 68 60 
33 83 5 8 56 30 84 61 12 19 11 97 100 92 26 37 56 27 50 90 55 79 45 52 23 57 38 60 28 97 54 41 36 43 6 22 44 35 16 40 82 5 33 51 60 25 89 52 71 70 68 22 99 100 39 83 12 38 34 93 22 48 82 60 94 16 38 65 12 12 64 48 94 10 37 90 20 44 40 93 56 83 93 13 78 74 43 17 85 55 72 47 95 58 90 83 69 73 7 68 
27 16 77 60 46 7 93 3 39 29 24 28 2 60 64 77 48 94 72 87 98 45 6 1 14 43 2 26 3 67 51 34 76 54 99 100 4 67 53 17 39 64 19 57 8 72 43 17 2 76 15 85 31 96 87 71 97 65 24 42 27 52 11 73 89 100 69 96 14 22 25 98 4 96 2 75 83 63 65 50 41 73 96 86 93 74 17 3 58 20 58 56 18 98 25 28 94 81 58 75 
89 31 21 3 43 50 16 99 20 46 70 26 83 80 87 45 46 91 65 54 10 10 67 20 51 46 64 46 36 66 61 95 74 99 90 23 93 63 14 49 85 18 91 91 39 64 19 80 38 28 91 87 25 48 66 80 1 27 55 38 34 54 19 66 44 81 27 86 35 72 23 55 59 93 10 56 93 54 56 14 29 81 56 44 56 43 96 18 57 97 5 48 100 81 69 23 95 4 36 76 
45 49 82 18 84 24 99 98 8 65 87 82 46 32 70 63 56 85 68 2 1 82 92 34 93 8 86 41 80 71 3 13 78 54 33 9 49 56 85 32 69 8 32 86 28 41 27 16 73 68 36 100 31 32 84 58 2 96 62 28 55 51 68 70 77 39 57 37 37 13 7 72 73 96 7 33 43 70 68 41 23 43 7 70 90 48 11 50 25 87 41 89 72 10 74 76 66 93 1 26 
25 31 48 46 15 3 84 2 41 38 21 53 17 22 55 14 53 80 55 52 97 16 17 10 60 7 17 15 58 25 25 50 21 40 21 71 63 46 6 43 1 10 3 34 89 81 79 33 59 89 14 30 51 64 52 30 75 32 89 20 53 47 81 14 75 47 19 38 15 86 30 19 88 10 69 14 10 24 71 77 76 17 84 92 34 12 30 2 33 61 46 89 62 7 28 77 64 99 49 66 
82 75 23 90 58 13 18 87 98 99 11 87 85 18 63 49 28 98 40 44 55 25 16 6 66 92 34 55 80 56 98 74 32 97 40 90 78 52 28 53 34 3 73 76 67 69 99 21 72 47 57 64 67 92 13 87 32 93 26 75 34 14 46 71 23 46 62 35 19 25 58 29 64 20 69 12 81 92 6 100 78 83 97 11 15 42 31 95 17 89 41 29 44 82 39 74 32 1 48 23 
44 72 8 17 82 71 52 78 10 2 97 7 70 40 14 23 100 86 37 57 38 34 7 11 27 65 71 15 15 60 60 38 41 2 24 14 17 39 53 5 87 60 65 57 13 17 80 45 39 48 91 98 72 44 94 6 41 73 19 29 95 100 5 29 94 26 100 60 100 1 42 28 9 90 63 34 96 5 49 36 52 1 36 55 83 43 85 59 90 57 20 77 16 35 49 58 20 41 42 4 
46 91 38 5 87 87 60 65 29 66 5 2 17 57 90 90 90 80 96 90 28 60 46 89 12 63 50 12 62 75 13 95 28 100 11 1 76 24 69 28 5 57 96 41 8 18 76 2 74 14 43 37 95 39 8 42 6 25 85 81 32 10 40 43 79 86 10 100 36 80 34 31 100 22 64 78 39 50 65 15 27 74 28 21 60 86 83 76 37 95 91 31 67 77 33 72 15 88 17 12 
41 27 35 93 34 38 26 5 69 33 62 1 22 26 61 32 93 61 13 26 66 47 22 85 5 32 1 69 92 14 84 43 30 65 94 20 86 20 80 52 58 37 73 84 20 72 20 67 38 98 79 16 77 95 26 80 40 52 13 60 96 52 68 25 56 88 21 96 25 78 19 46 70 81 89 89 91 27 33 95 89 85 64 69 42 79 12 67 11 46 73 40 10 46 46 60 12 72 8 42 
65 6 12 92 60 94 29 25 53 3 85 93 27 56 94 11 96 11 97 58 62 55 57 80 66 79 68 5 40 50 81 14 30 39 43 48 22 9 49 45 86 8 30 80 37 30 16 90 76 45 37 59 62 46 65 45 12 43 48 8 8 15 57 62 25 51 7 15 15 55 96 10 60 64 24 99 46 1 12 25 53 67 13 2 75 20 19 63 65 94 74 24 41 37 21 5 82 47 69 57 
24 43 37 35 72 3 29 54 60 90 46 87 98 6 65 55 21 66 38 19 13 78 25 38 25 55 4 76 27 93 20 61 31 95 64 69 48 44 67 2 28 70 67 31 58 43 38 8 60 67 16 90 53 40 70 96 18 47 79 21 28 95 79 93 11 3 38 20 4 89 12 29 36 56 46 39 75 58 72 52 23 57 87 20 72 83 59 24 34 51 81 67 23 81 72 90 53 35 90 79 
51 42 58 43 50 37 90 1 93 37 16 37 98 63 78 87 31 88 91 51 22 68 48 4 17 56 38 78 30 64 50 13 97 16 31 10 22 69 70 13 97 91 89 12 14 11 55 24 95 77 14 9 84 79 36 93 56 42 92 84 98 30 9 45 61 96 35 61 36 27 49 65 7 64 50 28 22 49 98 47 7 88 36 24 44 17 7 92 83 25 33 37 27 45 97 63 43 73 58 26 
49 21 28 90 94 47 89 11 94 24 43 67 39 63 2 34 47 11 5 88 56 15 80 86 55 7 15 8 46 41 99 13 99 38 57 10 29 34 66 16 92 67 25 56 96 45 24 68 39 84 9 75 22 24 82 1 41 94 59 92 44 45 36 37 10 39 91 57 93 3 21 71 61 20 54 35 10 83 50 5 11 83 37 43 41 45 5 79 61 53 91 29 16 14 52 57 17 27 71 76 
64 87 16 15 31 96 57 92 60 81 63 32 40 75 3 96 4 46 59 93 48 55 52 35 16 95 83 95 94 23 91 31 1 17 55 8 18 36 94 19 72 19 100 24 90 24 84 82 21 52 3 4 53 12 94 50 43 10 94 88 65 45 70 38 43 29 44 24 30 99 68 29 4 61 22 2 14 66 72 31 63 37 41 45 53 84 90 26 24 25 7 82 6 38 86 38 96 26 36 25 
38 96 98 83 36 46 49 42 7 7 63 88 86 61 92 19 48 27 76 8 32 61 16 7 65 78 54 90 21 37 17 39 99 39 99 9 9 36 50 5 55 85 78 37 65 80 53 47 83 38 97 15 99 26 76 8 9 24 17 35 65 64 26 69 60 87 85 22 53 1 15 48 74 95 73 10 45 84 27 3 86 32 54 55 76 44 49 2 38 64 78 27 54 66 49 58 4 79 92 65 
68 89 6 68 80 54 80 20 4 81 82 58 88 42 27 12 95 5 85 24 97 95 96 49 10 65 51 14 55 79 6 86 36 70 77 89 6 44 76 25 100 7 100 46 25 60 65 34 78 56 6 9 8 73 93 97 90 13 14 30 44 52 33 26 37 10 78 96 16 58 21 50 33 37 5 81 18 76 38 9 11 3 20 82 69 20 93 27 95 42 70 90 40 76 7 68 40 23 9 35 
