100 100
93 23 71 98 98 52 38 11 30 24 97 81 3 47 18 94 7 86 61 83 16 5 38 54 64 29 82 38 9 22 11 11 39 6 21 91 60 83 58 84 96 72 34 94 37 64 57 94 77 62 20 53 37 99 88 39 75 76 32 54 13 79 80 100 98 36 30 20 74 36 69 69 11 67 32 77 47 94 10 15 10 85 49 88 93 2 83 5 91 60 51 40 51 95 16 79 84 42 50 7 
41 68 7 48 94 89 24 53 35 84 29 85 32 35 27 60 84 94 68 84 90 15 44 4 83 24 40 31 20 97 77 8 64 7 37 79 1 76 49 27 35 65 85 65 5 54 77 14 46 16 70 69 79 13 18 4 29 31 29 98 61 26 31 26 54 100 12 44 84 90 93 28 99 11 68 67 80 80 58 95 91 65 54 46 45 57 24 61 78 85 9 16 36 23 16 22 72 70 28 32 
77 79 76 71 8 44 49 37 77 82 43 58 37 57 76 99 52 74 68 76 3 23 83 84 70 68 41 8 2 9 15 24 38 80 74 81 31 73 11 25 77 28 45 71 2 41 32 50 85 11 66 99 41 22 66 89 67 61 1 56 99 70 98 34 48 57 35 97 36 71 58 72 26 100 57 84 34 45 25 7 15 100 29 40 5 23 47 25 38 17 85 19 28 87 71 24 5 78 93 55 
26 71 27 33 41 9 2 63 38 60 27 8 62 81 96 4 24 98 32 3 75 79 16 57 5 73 60 97 29 52 54 18 91 81 3 64 59 35 30 90 84 48 77 8 8 19 63 19 42 93 31 74 55 55 4 36 24 73 84 82 17 71 41 4 70 20 19 91 16 60 10 36 77 49 43 85 99 16 30 39 55 44 55 59 12 8 60 91 64 30 20 65 67 84 41 46 94 20 45 24 
68 6 12 31 52 44 89 55 93 99 78 73 59 55 15 80 96 78 92 81 25 20 75 57 98 70 72 11 95 68 34 80 94 52 40 95 18 37 27 77 4 79 66 100 28 73 76 67 97 36 52 53 88 97 81 52 76 44 61 57 76 36 76 81 24 73 41 91 3 48 34 25 9 3 49 88 18 27 58 30 82 19 36 97 68 94 20 66 20 58 76 49 21 35 35 5 70 57 80 16 
23 43 11 50 66 95 27 30 81 76 5 52 79 20 77 43 61 96 49 17 8 6 5 66 88 55 36 34 64 2 68 78 97 12 16 90 14 8 98 65 12 99 27 77 64 2 80 35 1 89 77 71 62 35 62 5 78 94 94 76 99 1 19 30 54 18 1 26 52 26 95 60 28 47 52 47 15 81 93 62 52 1 40 40 47 24 79 80 51 55 29 32 61 14 56 79 13 36 60 23 
59 19 16 33 45 4 75 78 22 56 93 94 58 68 41 75 52 9 66 37 73 77 94 44 34 85 68 79 41 33 35 91 78 88 85 57 91 78 22 37 4 74 19 16 25 34 78 66 68 71 51 67 24 79 5 86 87 30 45 4 10 93 86 63 50 13 91 54 72 78 36 62 91 11 54 83 90 8 39 40 4 46 7 30 86 87 58 26 78 100 78 33 58 58 59 73 91 62 77 75 
91 97 5 35 87 66 53 30 62 11 71 66 82 38 48 39 72 52 90 81 41 45 86 28 73 80 96 25 88 19 13 97 27 7 60 66 29 75 53 19 8 61 28 73 3 34 59 77 26 50 18 55 56 81 26 26 84 48 26 88 45 6 65 82 91 87 73 14 98 65 91 9 54 23 18 36 35 40 40 9 81 50 16 10 98 76 62 33 92 96 91 61 14 54 47 97 6 74 71 28 
75 16 100 51 62 6 77 65 15 47 21 21 11 9 92 88 42 12 14 49 72 61 92 29 77 51 37 87 15 68 51 89 92 33 29 45 12 33 36 76 18 70 67 45 76 83 78 67 62 50 84 18 86 80 21 73 82 45 55 23 29 52 52 79 14 57 61 2 35 96 100 57 68 58 44 51 91 49 4 79 83 61 14 28 17 36 18 99 40 1 78 43 40 35 61 58 78 99 67 49 
36 68 49 51 83 12 82 97 18 13 1 31 44 50 20 100 45 33 63 25 9 89 44 47 64 59 44 35 67 88 18 83 27 4 55 39 42 27 97 74 8 40 20 65 17 57 68 86 1 92 29 97 52 28 46 32 58 77 22 58 29 9 11 58 91 14 99 41 26 86 38 72 91 69 75 21 48 48 32 58 41 13 24 33 59 93 51 50 27 61 71 40 33 58 74 90 30 26 10 47 
71 78 3 95 91 91 22 8 90 97 88 7 96 47 92 10 79 83 67 77 5 94 88 79 96 94 96 99 35 41 27 55 23 29 38 78 90 9 82 98 46 75 97 43 70 76 53 30 83 93 64 38 87 5 50 24 20 58 71 49 74 6 51 24 83 34 30 88 49 96 49 25 75 76 100 71 38 70 43 62 61 31 39 35 53 47 97 36 13 47 93 74 41 20 88 23 72 87 21 58 
56 48 26 40 91 2 17 9 59 5 43 14 9 55 68 85 50 41 78 64 93 86 47 45 78 59 21 61 85 14 81 68 31 77 68 17 78 73 44 11 76 8 73 97 65 40 88 61 85 26 92 29 88 16 59 23 48 69 63 83 25 37 2 32 87 81 12 55 4 65 6 83 59 47 53 41 65 42 91 93 65 19 66 12 29 92 72 100 23 72 36 10 5 3 47 42 35 90 45 76 
76 92 1 88 76 62 86 80 21 49 72 16 83 27 32 65 51 37 91 45 55 98 24 58 31 12 13 37 93 32 60 80 9 82 96 61 47 83 8 27 100 80 75 67 92 11 38 65 100 28 41 1 63 96 14 21 67 35 24 37 45 48 54 39 37 62 12 39 85 46 40 7 64 26 100 94 26 42 26 27 1 90 83 4 6 33 70 16 60 43 24 41 96 3 81 11 61 86 82 9 
87 81 7 8 99 74 1 2 29 10 99 39 59 71 58 25 61 43 41 19 100 99 13 98 47 35 43 96 17 64 92 82 74 85 31 62 92 96 82 96 42 91 44 40 86 44 4 41 19 74 16 90 29 42 84 35 6 89 94 48 30 72 18 48 30 17 35 79 11 28 82 1 27 16 75 18 14 4 62 71 51 85 34 81 22 49 7 79 67 26 5 94 51 96 56 44 74 19 46 98 
65 60 72 39 22 84 35 85 81 38 2 85 34 7 58 82 65 19 65 42 78 65 57 35 86 69 55 68 39 19 21 99 53 21 92 46 65 67 50 24 53 85 41 39 83 26 39 47 31 13 62 85 39 20 20 92 88 58 22 68 64 64 80 93 2 74 5 89 62 35 34 79 51 78 52 36 22 83 64 49 29 78 50 41 36 54 34 17 42 53 66 63 18 51 65 67 62 73 15 79 
33 43 60 26 40 45 56 48 30 8 70 81 55 76 39 39 50 16 82 87 33 81 95 74 94 83 4 43 41 92 74 92 43 22 14 3 58 83 60 14 67 39 98 90 13 2 24 25 43 87 77 77 1 60 75 34 27 8 25 10 45 45 82 27 59 75 97 22 22 98 8 23 89 88 73 10 39 46 76 44 88 18 69 16 62 58 100 16 54 83 62 5 98 7 38 22 13 19 5 20 
94 49 96 96 71 2 99 34 85 56 89 26 82 71 34 96 72 28 66 2 63 23 95 44 97 61 84 98 52 8 66 31 10 54 7 39 50 42 53 51 38 15 81 62 16 86 30 62 89 23 65 35 82 44 65 26 68 20 61 65 17 21 58 18 89 23 52 1 32 46 55 43 21 74 80 68 77 30 90 42 86 44 87 11 5 27 79 80 4 79 70 6 16 38 71 86 11 82 75 45 
34 45 13 58 63 5 99 10 24 62 2 31 71 38 14 87 73 77 10 20 29 78 35 85 59 89 91 21 52 67 19 58 19 6 93 36 23 48 36 7 95 67 11 13 64 39 48 52 67 55 20 26 32 22 96 37 41 73 58 77 50 11 9 88 29 47 97 57 28 3 5 13 87 91 52 67 100 92 51 71 4 13 6 41 32 20 21 27 95 13 19 82 16 56 87 87 37 24 77 67 
14 9 89 58 33 90 3 10 50 68 97 97 1 21 23 61 11 68 61 95 12 82 50 30 36 43 69 57 94 67 95 75 31 51 84 86 10 95 33 33 99 4 66 23 46 20 60 5 52 99 30 1 14 86 73 19 15 43 21 4 16 11 100 95 49 48 31 64 85 92 59 56 84 23 39 43 90 92 76 18 62 14 64 87 100 25 34 69 16 47 81 57 15 49 27 40 3 83 19 7 
95 12 28 14 49 34 81 52 17 72 60 7 48 22 40 1 48 24 8 57 34 41 68 50 1 63 46 68 24 79 2 77 7 97 98 48 41 35 16 67 88 8 44 2 97 79 19 64 83 91 66 59 35 25 66 96 35 62 7 83 18 69 97 28 72 99 12 95 96 71 18 69 11 45 51 50 14 10 91 24 59 64 19 68 40 22 91 58 67 73 28 52 97 87 96 62 57 4 25 82 
55 52 31 46 68 2 97 97 94 76 70 67 95 80 54 39 45 87 11 44 87 81 64 99 7 61 91 68 13 88 90 20 43 94 39 51 75 35 89 25 76 41 30 78 15 67 66 34 57 83 15 48 79 84 39 7 23 69 53 60 6 57 22 3 16 5 24 79 56 52 73 26 49 74 57 19 2 48 84 22 79 59 29 56 75 5 34 3 56 67 69 75 74 91 69 73 75 25 61 26 
90 84 13 67 51 67 76 51 62 82 13 55 75 49 45 13 89 44 88 77 7 96 80 70 20 10 29 46 75 1 27 35 85 76 36 24 18 90 63 18 87 2 49 87 73 47 56 11 25 100 65 13 6 41 92 87 49 65 1 55 59 84 98 69 64 24 67 28 45 13 93 88 48 22 29 95 7 100 2 32 32 100 29 8 59 33 30 80 67 34 65 17 6 98 77 13 73 15 87 45 
74 14 14 39 77 40 14 15 48 74 22 22 81 47 22 80 24 64 6 10 97 56 69 46 67 43 6 97 23 92 45 79 34 49 19 62 32 53 88 46 92 1 58 50 90 10 49 77 51 92 78 79 69 60 42 21 79 40 45 34 49 63 19 10 5 71 15 7 91 40 29 14 37 51 68 86 32 27 90 77 24 3 57 66 88 71 74 19 100 87 14 23 25 76 88 70 12 26 17 97 
28 77 42 6 10 52 18 17 81 70 13 28 21 32 47 73 50 41 62 64 50 73 81 33 67 45 67 62 90 52 79 77 29 88 4 53 93 31 11 39 99 16 6 11 65 62 4 48 99 33 31 10 1 76 92 72 81 26 74 34 35 23 33 71 76 55 95 34 29 84 4 12 7 47 26 17 48 40 1 99 87 66 53 17 10 65 47 55 19 40 19 22 26 100 44 46 98 53 92 86 
8 30 1 30 41 63 92 90 21 30 28 88 55 15 62 69 74 7 35 95 14 59 31 21 70 73 61 74 58 19 20 53 44 76 19 32 93 46 22 14 1 10 61 96 14 80 31 4 80 18 55 42 57 100 88 5 34 39 24 62 8 73 71 66 71 84 60 13 26 83 67 8 65 6 23 18 49 75 53 41 74 10 14 80 80 69 1 67 34 66 87 11 32 65 77 77 79 30 59 62 
99 14 84 48 71 47 86 90 33 81 22 70 76 44 34 45 5 46 91 55 62 44 11 66 33 57 55 54 73 45 45 51 13 100 84 81 17 49 91 67 54 72 34 100 82 13 51 3 13 55 94 83 78 67 3 96 60 12 56 74 80 88 11 45 80 54 98 48 92 80 5 22 89 64 27 34 58 96 44 9 78 96 19 86 57 60 48 8 66 7 25 31 96 96 92 40 17 16 52 50 
51 51 43 29 48 3 95 29 63 14 17 51 35 29 37 26 26 8 10 46 83 96 79 22 20 59 17 59 16 73 72 61 23 96 19 60 51 18 87 19 68 75 84 73 94 89 10 56 41 70 82 33 89 17 52 83 52 19 93 69 35 79 48 25 7 13 91 75 59 35 76 100 71 75 70 6 59 9 62 11 53 28 34 86 76 48 21 10 59 75 29 88 2 12 47 50 56 44 35 82 
97 44 100 92 80 64 32 21 50 26 76 98 34 71 24 47 16 71 98 80 56 83 81 73 45 7 45 31 79 68 63 90 32 43 61 23 38 4 85 54 13 37 95 35 42 17 28 31 5 2 31 80 16 12 5 11 56 84 96 43 37 53 66 87 82 79 64 96 4 25 92 82 72 63 29 13 83 31 26 23 61 86 29 8 68 71 29 99 96 19 66 44 56 89 78 67 63 14 29 73 
14 91 91 73 1 98 27 4 34 80 38 80 26 44 91 41 1 63 17 56 88 29 33 93 64 72 17 26 25 32 55 3 62 65 61 30 87 94 53 82 23 4 67 17 43 99 96 47 70 65 75 70 87 100 49 10 63 57 52 87 9 60 41 61 96 88 19 12 3 26 37 51 85 87 49 26 87 74 22 13 47 41 80 51 14 53 2 98 4 65 68 33 66 32 56 89 1 38 47 92 
52 61 94 15 74 13 32 1 16 21 20 64 21 96 14 10 47 49 62 34 80 6 56 4 14 57 22 63 82 24 61 22 72 85 7 94 59 13 85 67 98 41 70 97 51 57 26 20 45 72 15 23 11 8 84 31 61 96 1 48 92 28 14 13 96 19 31 10 44 40 2 75 84 86 28 14 44 72 60 56 55 77 100 88 27 56 99 34 48 73 78 14 57 71 46 86 65 1 35 89 
57 65 71 52 6 92 68 7 83 5 27 58 73 2 94 97 47 96 53 43 25 100 7 19 60 11 97 78 52 7 74 85 18 27 25 52 54 68 1 23 93 24 80 93 81 87 45 97 1 15 97 23 1 9 8 28 63 19 41 24 69 30 38 27 42 48 58 62 66 35 25 91 51 45 76 9 47 33 91 42 22 56 3 45 15 71 58 49 31 48 25 95 11 37 58 12 64 21 25 91 
20 99 50 50 93 79 45 86 58 9 80 39 71 27 63 35 20 76 70 85 6 11 52 90 62 60 80 22 30 39 67 59 97 27 81 31 29 22 99 72 63 72 18 25 35 16 45 66 69 92 52 44 10 98 7 29 80 42 32 78 96 25 31 52 59 63 6 47 9 39 77 96 76 56 80 95 79 25 63 3 39 13 59 66 93 76 82 31 45 83 38 70 1 29 29 88 92 83 93 35 
100 16 42 9 50 7 89 77 89 76 66 64 60 95 6 19 27 85 77 12 72 96 39 89 19 20 13 20 25 36 36 40 5 10 75 90 45 77 14 39 49 82 85 4 79 4 98 96 71 4 11 95 33 39 20 62 90 75 56 57 79 18 45 69 2 66 82 10 69 59 68 72 16 2 3 47 29 70 87 54 90 76 86 97 66 71 12 99 4 42 100 95 25 74 28 38 71 75 54 89 
22 81 32 91 52 20 22 8 19 70 46 58 59 31 46 77 87 61 17 74 41 36 28 35 4 66 14 61 94 31 53 21 79 39 64 14 30 66 50 86 77 95 91 15 11 70 88 32 38 49 9 76 93 53 87 50 12 90 32 68 43 69 31 12 60 30 23 24 52 17 76 99 16 16 79 95 86 6 80 4 55 13 17 69 47 37 94 36 16 11 14 40 53 26 94 30 81 17 67 26 
75 7 14 23 35 43 34 72 12 21 56 69 70 12 9 74 54 76 100 64 15 45 18 75 54 16 13 76 47 93 62 80 59 99 62 55 49 41 89 17 57 23 66 78 84 2 37 43 54 82 52 16 73 13 85 22 97 59 51 3 91 71 76 67 75 88 88 81 40 80 89 49 61 70 24 97 54 77 3 7 88 57 8 22 54 25 61 85 76 13 26 66 23 4 60 86 40 17 47 76 
49 96 86 38 3 37 78 51 68 57 43 68 76 80 99 56 84 49 31 77 65 16 7 99 28 47 26 89 87 19 9 66 76 27 27 17 16 25 4 6 34 29 17 100 7 97 12 93 60 31 24 20 64 51 58 55 47 8 46 69 72 54 31 79 51 76 16 76 57 69 21 36 7 69 44 51 76 90 90 6 55 76 61 31 58 17 31 47 95 4 12 81 26 7 29 47 41 18 42 56 
52 31 98 20 1 98 88 70 82 11 14 72 94 12 88 12 62 56 32 4 98 37 100 65 100 61 76 64 75 36 3 74 6 16 13 97 60 49 49 65 86 45 29 82 29 14 52 16 68 6 81 61 57 80 47 52 2 10 28 29 46 78 67 73 49 55 15 71 31 65 18 51 38 64 73 51 67 30 29 30 50 26 95 21 95 90 30 54 18 27 13 73 50 62 51 33 32 54 18 72 
63 76 47 53 24 51 76 52 35 3 95 41 47 68 78 16 100 65 19 100 13 49 59 82 15 16 89 87 9 73 83 25 33 23 27 82 13 2 68 16 41 37 81 93 56 73 82 5 69 96 42 57 59 87 65 91 6 85 74 63 83 62 14 78 19 25 55 53 77 83 76 36 23 30 38 47 57 99 3 26 92 53 74 33 56 22 96 24 84 50 20 10 30 4 85 88 64 86 27 75 
80 2 14 100 37 77 56 37 61 34 14 39 18 8 53 94 89 57 71 73 68 96 69 54 53 31 53 35 18 62 68 33 64 82 96 24 44 43 15 95 44 60 21 58 42 24 94 93 73 11 66 70 23 37 12 74 99 96 97 58 51 58 9 66 67 50 43 38 37 12 24 95 16 30 46 10 42 31 11 82 20 53 65 85 5 20 65 44 16 93 34 37 93 100 33 56 87 8 25 65 
67 33 42 16 99 85 81 20 94 48 35 38 9 86 79 65 46 75 41 98 51 88 43 55 58 25 91 27 37 46 15 35 60 63 80 91 80 30 67 93 17 21 28 92 68 36 64 50 98 100 11 74 70 62 66 53 80 8 26 20 37 89 36 6 53 37 36 95 82 82 55 81 48 34 35 66 69 63 10 94 35 21 91 39 52 7 8 46 45 96 62 3 69 67 95 91 49 11 66 47 
22 1 14 40 30 76 19 33 86 28 53 10 51 89 83 59 40 30 52 70 52 85 45 77 25 91 38 61 22 66 87 83 83 81 42 7 2 70 28 15 39 99 61 50 2 12 69 55 13 53 22 47 16 42 36 86 36 37 54 97 5 83 59 17 84 32 91 16 8 83 22 97 69 46 4 70 92 53 72 60 10 40 81 65 79 69 45 84 7 6 79 58 32 30 42 8 7 23 91 76 
55 70 18 31 40 18 32 86 5 55 75 57 21 76 23 72 48 73 40 10 91 67 1 54 56 74 21 45 85 1 36 75 82 20 49 53 12 83 17 43 11 73 26 96 8 86 63 3 31 79 37 25 9 45 87 79 16 91 96 4 66 74 61 69 89 85 81 25 85 15 2 98 91 78 73 58 23 75 99 44 98 99 60 91 19 26 56 65 87 10 47 12 64 60 1 87 65 28 57 49 
60 58 12 38 41 34 3 46 8 100 94 75 72 7 18 51 75 22 83 64 31 92 30 61 27 99 62 71 99 54 69 81 20 37 90 79 97 50 19 54 71 71 64 50 8 77 85 18 65 24 66 60 95 62 6 22 52 6 83 36 3 39 74 86 9 88 6 65 34 40 79 8 52 46 72 63 44 50 81 15 75 58 95 52 81 91 58 56 79 39 46 5 10 65 68 25 34 60 54 58 
46 3 64 93 2 26 86 81 22 93 7 67 100 70 46 24 76 2 81 3 18 39 3 1 42 62 45 81 99 57 59 3 2 38 79 64 57 86 61 52 33 43 91 70 31 53 52 85 59 32 25 66 83 96 30 83 76 41 79 78 24 76 17 57 92 3 48 81 71 75 5 84 29 70 43 15 6 11 39 17 30 80 14 83 67 94 25 5 33 36 46 16 73 63 37 43 8 62 28 5 
9 54 94 31 41 46 4 46 31 64 5 62 56 88 21 51 24 6 56 30 88 59 1 81 76 57 61 88 48 45 40 87 89 82 32 17 86 18 35 69 15 39 24 51 61 50 36 38 84 34 72 15 87 86 99 81 13 74 70 33 22 53 59 62 64 21 4 90 70 55 27 56 85 8 99 66 56 91 6 10 2 20 26 10 16 11 83 64 20 82 72 86 41 39 80 31 88 34 59 31 
41 33 95 63 77 93 16 19 85 16 70 96 84 91 86 65 86 85 48 36 56 97 59 44 84 6 97 68 5 19 31 62 60 2 43 100 89 50 99 4 45 52 61 53 70 90 53 94 30 77 62 64 34 43 5 65 45 31 29 69 23 33 62 82 39 7 74 81 31 60 91 1 41 97 13 34 73 63 34 71 37 9 98 8 76 99 32 28 75 49 92 19 26 95 88 28 50 60 27 89 
6 48 75 43 98 46 48 51 54 2 89 63 50 28 7 17 6 17 89 10 82 68 84 95 36 71 82 40 3 78 16 90 92 95 43 16 57 14 36 84 82 75 69 6 78 25 16 23 60 44 55 27 36 1 31 100 15 71 38 88 60 98 19 58 23 81 95 44 27 69 87 16 78 22 4 38 70 43 99 59 4 80 10 96 82 67 54 10 69 18 35 41 9 42 15 68 7 58 33 82 
62 13 52 5 42 11 63 54 47 100 24 95 73 17 68 13 99 95 69 56 17 92 89 56 38 50 72 82 26 46 45 72 41 51 38 38 12 63 7 51 66 5 17 59 82 33 51 39 38 60 6 56 57 19 57 18 4 78 41 55 97 14 89 38 21 78 51 33 45 18 27 79 74 81 18 17 76 41 56 75 53 16 99 75 28 77 84 63 12 27 28 70 73 79 44 47 10 76 15 38 
7 90 35 9 47 82 59 25 18 69 43 60 52 78 73 58 48 71 16 58 31 92 54 6 30 74 94 63 70 1 92 37 31 100 84 91 76 15 41 93 70 74 73 13 44 69 17 35 83 23 27 62 85 69 26 100 78 95 17 67 9 11 78 27 12 73 45 66 47 14 91 49 6 5 5 37 72 89 26 18 94 95 51 65 39 43 20 79 28 1 30 14 44 43 92 18 82 87 45 35 
66 77 25 50 33 80 49 26 41 44 84 14 9 52 54 47 89 26 82 25 69 98 62 38 61 20 91 25 71 81 49 85 63 62 37 31 89 90 45 71 59 11 47 7 47 1 21 19 52 70 74 46 31 52 75 5 28 19 15 4 95 18 42 82 57 15 98 34 28 86 11 89 74 98 69 90 94 3 25 40 9 4 42 32 56 76 4 50 99 37 43 82 55 5 96 8 49 5 23 60 
98 51 17 58 41 47 5 7 75 71 64 70 73 36 90 92 87 46 83 28 66 58 17 97 97 97 34 76 53 70 12 78 98 42 81 78 33 25 26 95 100 4 72 16 97 88 93 78 22 97 11 46 5 37 95 42 30 1 88 92 15 67 29 60 36 55 21 73 90 5 99 57 46 26 67 68 97 32 69 23 41 85 39 84 70 67 32 32 89 12 24 37 21 96 72 77 54 35 75 17 
9 89 48 45 63 58 43 89 32 41 3 93 48 86 15 23 89 31 99 95 3 98 4 25 52 60 91 17 67 52 54 29 41 48 7 56 53 69 11 15 59 22 99 78 75 5 40 9 26 82 39 79 41 47 72 28 94 27 28 100 68 55 26 58 50 32 76 59 23 81 70 90 50 30 15 86 2 1 74 80 4 40 40 4 96 31 45 60 60 26 70 46 30 64 45 94 24 68 41 64 
30 32 79 59 28 26 75 81 78 68 9 49 37 36 72 98 93 60 70 76 66 69 87 82 16 31 38 35 12 22 35 76 45 15 44 69 12 68 97 39 31 94 24 11 7 92 24 37 36 93 15 16 21 10 38 59 97 56 38 62 61 12 85 86 65 37 82 98 59 1 32 65 89 45 20 65 86 63 99 51 46 4 83 24 14 87 90 71 89 51 30 62 80 4 14 96 48 54 93 32 
98 18 12 53 57 7 93 38 56 79 26 17 77 49 31 76 33 80 33 28 51 19 2 26 90 27 41 62 49 87 23 76 50 75 93 74 11 58 64 41 93 40 54 4 40 7 24 22 20 75 75 30 48 64 18 73 98 3 95 81 67 25 51 77 92 38 100 52 53 86 63 51 62 47 20 40 10 13 22 68 10 17 75 71 88 48 55 55 73 49 41 63 42 70 6 31 3 73 84 20 
34 4 99 46 18 79 72 49 13 88 65 87 59 41 49 57 29 85 34 75 31 79 69 76 28 96 13 51 64 70 90 55 3 13 77 23 83 51 29 84 98 86 67 55 42 36 66 39 35 78 83 93 62 94 43 89 78 65 72 44 50 66 76 59 35 84 35 30 65 10 12 75 44 37 47 22 64 38 39 19 34 30 83 18 52 90 8 70 27 57 45 1 17 34 73 84 22 32 42 48 
64 32 30 21 6 15 15 88 25 30 11 23 57 77 59 89 51 34 27 98 82 45 14 76 5 63 92 47 71 22 96 39 27 92 10 99 12 88 93 15 90 70 20 80 88 100 25 85 93 42 27 22 54 76 3 96 57 60 66 37 96 50 85 67 71 40 1 98 48 96 31 19 29 22 36 39 78 25 36 84 25 3 75 36 92 82 29 66 9 94 37 50 40 76 83 21 14 40 58 47 
61 44 24 33 84 77 73 11 40 6 52 50 26 14 69 34 70 71 13 3 5 47 44 94 97 21 95 12 76 43 75 74 36 69 33 55 92 82 62 4 1 49 26 6 13 87 66 69 61 54 47 33 86 39 14 38 58 37 77 60 2 60 49 84 48 83 46 59 57 77 87 56 37 32 59 3 59 55 91 32 33 60 99 17 95 15 45 24 35 28 70 52 17 17 49 69 45 98 100 27 
12 78 58 19 61 70 89 4 95 3 50 99 27 21 36 11 19 3 82 68 26 57 45 16 85 58 53 98 95 56 75 94 34 14 35 78 49 67 30 57 94 81 67 30 53 30 85 87 24 64 100 11 34 49 32 32 19 11 7 56 65 2 17 65 41 57 81 11 73 55 29 8 77 16 33 30 32 91 43 88 26 49 19 26 40 36 85 75 54 96 83 98 55 65 18 82 95 69 45 71 
54 41 51 43 75 32 5 55 27 38 48 89 45 23 68 95 4 33 67 89 28 72 27 72 98 28 20 66 19 79 6 34 18 1 14 55 66 16 62 12 53 66 28 82 27 48 63 61 19 4 77 53 3 88 79 75 29 89 49 26 93 91 68 100 14 32 4 87 70 79 70 13 100 99 79 31 62 82 33 86 45 29 23 37 98 100 15 78 99 75 23 11 71 2 40 22 77 62 24 30 
41 98 1 4 14 82 21 40 42 96 15 55 11 14 39 70 16 17 15 67 45 91 33 84 39 76 23 32 41 63 17 69 69 71 29 75 1 89 71 96 100 3 97 95 19 16 90 42 86 51 77 37 3 92 48 88 65 42 5 47 6 92 78 84 17 3 21 96 16 51 33 63 79 79 34 97 5 11 22 80 17 97 18 74 36 5 69 35 32 60 56 14 94 46 21 57 26 11 69 17 
26 93 100 65 14 50 87 58 91 53 76 33 78 40 54 79 34 34 30 23 89 96 21 58 92 35 98 24 85 99 53 83 54 34 90 43 76 67 10 60 72 96 7 33 15 24 86 58 65 69 78 26 94 27 49 100 58 32 8 4 43 85 82 96 94 85 67 39 71 41 44 43 38 51 67 72 88 15 72 19 53 48 31 43 60 24 99 42 41 55 45 7 38 44 35 69 48 61 96 50 
28 14 25 56 11 49 97 14 88 34 72 97 21 52 36 57 73 89 63 91 74 69 56 38 84 17 70 26 41 51 29 31 54 34 78 13 18 99 93 86 21 76 25 88 85 80 30 5 66 32 60 67 35 49 68 73 67 33 79 83 75 77 24 82 41 42 45 55 71 80 77 17 89 20 23 55 45 17 69 89 22 85 22 21 41 75 65 7 100 2 18 71 55 3 90 47 84 72 11 26 
17 4 37 43 71 3 45 64 8 95 82 24 73 39 8 13 15 42 5 29 52 11 10 27 18 28 4 28 31 13 96 36 16 95 53 5 82 32 42 44 45 17 53 42 5 39 49 72 65 3 74 80 56 92 83 28 15 5 58 12 93 70 19 57 52 6 3 92 84 37 98 25 12 16 11 30 93 84 71 50 83 60 70 40 21 91 93 33 53 33 4 7 9 11 9 28 64 41 57 85 
30 6 4 55 54 27 18 89 17 16 41 62 34 100 42 93 83 95 35 89 48 37 98 81 47 45 5 72 80 86 99 30 45 62 38 14 42 41 93 4 96 34 94 49 72 46 39 36 67 96 61 64 42 54 80 37 88 25 62 83 79 25 96 2 51 97 90 41 3 14 43 25 16 57 83 39 28 27 70 1 20 18 16 37 42 3 70 62 80 34 64 88 97 97 46 87 55 55 89 75 
96 33 73 30 68 31 24 28 52 78 87 75 56 42 1 99 20 43 80 17 18 92 93 73 44 12 68 11 17 70 80 25 24 4 78 26 53 36 90 64 60 65 80 14 84 96 95 75 43 86 9 63 16 4 55 97 4 63 20 79 86 54 54 10 20 22 52 46 31 58 99 74 4 41 79 98 31 72 80 13 18 61 78 94 18 75 78 86 22 50 81 40 5 44 96 8 57 8 8 27 
41 42 79 35 89 19 30 98 97 49 15 79 98 5 7 78 42 43 32 77 40 40 4 86 69 71 58 26 56 89 27 39 65 9 21 31 2 29 97 84 29 15 75 51 84 53 97 57 6 38 29 16 14 95 86 22 57 72 84 58 53 44 32 99 2 73 20 39 24 53 23 80 37 13 60 76 21 84 73 63 55 73 84 95 5 79 64 91 36 78 13 58 40 91 64 45 16 12 81 25 
77 61 7 29 14 66 67 7 22 9 7 29 27 90 42 91 65 22 6 93 18 17 45 35 18 62 58 6 92 78 97 51 42 96 20 71 63 97 4 83 42 71 27 79 70 43 7 20 65 73 1 71 26 85 57 77 83 27 99 53 90 37 29 100 72 38 80 19 60 20 44 5 48 20 78 79 71 42 81 8 29 31 51 93 16 50 75 8 33 51 88 33 4 20 48 32 1 87 37 91 
50 51 25 5 24 90 25 53 14 69 14 5 56 3 72 34 49 31 86 3 67 80 55 64 85 99 74 40 16 56 4 80 13 53 60 53 85 53 56 51 65 62 91 50 11 83 28 25 82 70 52 100 17 52 62 63 61 41 21 51 7 40 64 70 1 73 68 42 83 9 30 16 26 84 10 50 88 25 10 46 31 52 96 67 78 22 71 9 67 19 54 44 24 92 82 76 97 8 71 87 
16 65 94 31 23 3 93 33 29 38 3 84 76 12 97 93 90 74 1 95 24 82 63 25 99 79 17 67 71 60 70 70 61 43 31 56 27 100 51 63 18 45 10 1 92 14 61 7 37 5 23 12 9 73 4 86 54 57 36 50 51 21 4 72 93 78 43 89 31 8 85 45 23 35 70 27 7 50 45 4 5 56 65 18 60 32 90 28 51 39 46 24 22 21 35 51 25 75 34 100 
49 98 18 68 32 78 31 56 55 46 79 48 33 38 90 92 10 84 34 22 98 6 34 75 63 46 59 24 11 2 83 18 38 3 73 71 50 2 20 81 42 2 39 40 25 95 55 73 80 5 88 13 88 80 95 65 2 63 9 84 90 5 63 87 64 19 34 90 87 56 34 33 63 99 49 89 80 95 34 88 92 9 93 72 80 40 21 7 33 56 70 59 44 7 24 6 61 27 1 25 
2 33 95 17 35 43 94 24 47 22 9 24 72 79 66 96 14 20 41 24 69 100 100 45 9 100 63 19 27 97 22 42 59 3 57 6 48 78 100 9 47 51 64 38 20 41 1 74 93 55 12 97 67 89 57 8 18 43 42 25 5 51 19 35 61 10 56 76 92 58 51 49 56 11 79 87 55 25 74 71 55 52 46 7 68 94 51 47 32 89 18 93 72 43 32 59 61 62 2 69 
55 97 15 100 55 87 57 29 79 28 58 54 90 94 17 98 53 65 63 55 30 32 27 24 59 53 62 71 35 61 30 64 38 56 86 10 8 52 93 46 57 37 28 37 15 41 71 75 46 90 93 95 76 68 31 68 97 56 55 68 77 14 66 67 98 43 5 75 89 63 81 22 38 15 77 8 14 67 22 81 47 2 74 79 50 12 54 43 4 55 53 62 50 46 63 64 99 29 72 63 
77 82 53 43 39 30 48 38 16 43 60 35 32 5 42 5 65 8 12 8 45 75 65 19 58 38 9 57 47 73 85 83 62 66 89 89 56 19 2 83 10 72 18 12 59 14 2 10 69 54 96 96 1 12 42 59 43 39 79 80 6 55 44 29 48 64 50 84 38 55 6 40 49 6 21 16 92 48 31 99 43 18 40 4 84 75 4 63 75 34 55 41 33 60 78 44 48 52 25 24 
10 82 65 96 7 85 36 16 65 75 32 57 3 75 7 1 45 84 81 53 36 11 73 8 35 71 37 5 2 50 92 61 81 74 21 68 73 16 4 45 28 66 78 44 85 18 36 77 97 2 43 5 15 58 11 11 55 10 62 74 98 45 49 22 6 33 70 11 7 42 74 80 80 55 99 62 26 78 89 69 37 9 50 40 98 90 98 66 90 13 71 73 33 64 44 94 36 61 64 100 
77 61 73 86 43 95 15 38 95 19 35 85 37 26 52 60 43 78 30 89 53 71 8 63 37 98 6 28 8 61 94 39 28 15 84 78 39 57 55 15 72 86 79 75 24 55 96 73 78 72 53 77 45 49 50 14 17 35 10 78 1 57 56 81 50 7 73 46 100 43 36 1 91 51 55 42 16 19 73 58 28 40 28 40 72 30 93 87 59 72 62 60 24 41 53 33 94 59 69 63 
11 19 39 92 91 19 76 69 64 41 22 55 73 71 33 82 56 22 84 37 3 3 77 82 47 37 88 64 22 72 28 61 98 96 23 77 61 76 87 68 62 40 32 89 27 45 23 14 44 45 41 21 30 40 48 37 71 24 41 30 13 72 82 22 48 71 92 34 82 77 15 98 75 47 20 13 59 50 46 16 81 11 7 55 1 89 77 5 29 75 35 82 36 81 99 53 25 92 92 44 
40 8 96 94 60 18 100 94 34 82 88 31 44 25 62 100 11 64 79 70 16 82 13 95 69 89 24 21 9 9 95 51 34 76 62 86 27 39 7 67 14 71 7 39 27 9 92 53 79 96 14 58 6 78 26 55 11 12 55 8 17 87 67 95 10 6 91 33 93 52 51 79 83 8 51 66 25 44 28 21 99 28 10 77 41 32 55 80 82 41 77 96 67 47 30 14 61 11 23 80 
29 81 3 51 14 95 70 47 90 91 91 83 30 62 88 69 36 6 3 66 90 72 29 18 94 57 55 83 57 57 2 25 76 72 100 95 53 76 39 77 25 82 27 70 9 98 66 100 9 17 39 12 94 93 4 96 37 29 71 27 78 21 43 2 38 50 21 6 31 78 69 97 97 49 46 60 76 98 98 94 31 3 10 9 61 33 38 48 33 35 41 83 92 55 48 52 13 98 69 72 
97 92 10 77 11 8 74 50 31 76 86 67 69 71 44 100 45 9 97 95 75 70 42 96 40 36 37 34 60 100 16 36 83 71 50 67 15 92 5 31 28 79 93 35 47 45 95 76 65 66 70 66 15 99 12 94 75 24 98 41 59 6 22 37 72 21 70 21 34 16 76 22 11 74 27 26 71 99 26 33 4 35 74 67 90 62 32 28 20 23 31 16 43 51 73 12 24 42 48 61 
68 59 68 65 83 62 66 90 37 85 5 80 1 38 57 71 44 58 91 76 73 44 12 87 33 30 69 49 18 27 31 59 75 21 81 5 95 71 3 49 13 86 88 46 10 88 60 65 34 43 91 21 62 63 25 43 49 91 8 59 24 80 20 32 98 81 46 41 49 96 64 42 54 5 66 91 20 38 90 31 26 2 10 39 49 18 31 31 76 55 24 60 63 34 61 7 69 62 3 72 
18 30 75 2 45 4 52 70 11 49 62 73 48 53 54 43 41 29 68 10 65 68 5 60 5 98 3 39 38 69 75 3 83 44 100 10 26 1 71 84 75 12 47 41 36 37 89 35 19 76 19 67 70 43 91 87 27 80 34 27 64 53 61 7 25 66 93 4 53 58 67 86 84 97 5 95 56 7 86 69 63 51 68 65 3 24 49 15 1 61 49 35 75 48 12 53 88 32 15 41 
75 44 39 75 68 16 14 23 95 38 14 43 43 22 49 20 83 88 38 63 45 71 6 73 100 55 98 13 53 33 45 55 98 26 50 91 67 38 13 43 51 38 31 33 13 63 13 10 45 31 33 35 6 77 25 26 6 94 52 34 29 21 97 9 54 64 7 43 43 12 4 32 40 32 17 55 26 8 52 19 66 29 66 51 61 54 61 34 5 78 44 17 85 27 5 8 61 16 12 94 
47 92 8 20 32 20 80 12 33 57 60 55 9 6 39 69 36 69 13 15 2 83 84 88 72 67 5 40 11 16 69 100 47 39 86 40 81 50 49 31 27 74 70 31 28 69 34 6 37 38 95 12 44 53 3 43 24 97 77 43 63 69 19 5 63 49 56 61 28 39 68 81 37 13 51 34 14 67 84 89 53 41 57 52 25 97 3 87 45 91 67 49 48 5 75 18 58 65 57 61 
19 63 24 48 41 89 51 5 33 65 83 98 23 23 95 51 69 98 50 35 64 61 86 5 100 63 74 97 76 5 8 63 90 54 51 81 49 10 62 14 62 37 95 69 23 45 69 22 10 99 29 36 39 20 8 11 19 57 55 14 55 43 74 34 36 58 70 51 7 46 70 100 67 85 85 31 15 17 42 5 25 11 86 74 90 16 47 84 41 72 76 68 50 12 10 77 80 30 74 91 
58 21 69 92 67 36 23 75 79 23 11 27 54 51 90 40 16 71 53 85 3 54 72 56 14 55 8 10 70 77 64 18 8 96 43 40 21 78 19 56 58 29 11 95 97 54 85 5 8 14 51 11 91 46 86 41 88 99 96 65 66 34 46 44 62 30 58 86 90 2 54 38 71 94 58 59 6 5 46 55 11 20 5 72 28 2 63 30 18 86 50 5 39 57 67 43 96 7 58 61 
100 11 44 44 3 34 94 31 17 52 13 20 93 59 30 75 4 8 61 64 33 98 86 82 68 65 97 72 96 75 12 23 23 12 54 22 25 74 96 76 71 42 97 7 39 1 26 67 73 85 64 47 14 75 31 36 84 32 100 44 74 54 30 80 55 26 19 23 57 100 71 37 52 25 81 42 52 64 71 31 53 57 13 82 85 41 74 73 86 69 10 40 69 75 73 60 18 25 55 74 
96 64 44 71 47 78 96 6 37 97 39 83 42 63 48 30 35 75 76 70 7 46 97 71 78 46 35 80 87 70 42 68 92 10 52 48 94 76 95 83 32 58 72 77 58 35 100 75 25 8 24 80 66 67 12 71 82 8 49 10 72 20 52 77 77 59 41 53 18 42 81 90 25 6 98 31 83 31 51 100 81 6 3 79 65 19 36 10 3 58 87 9 62 49 86 41 55 66 1 7 
20 40 47 76 41 51 65 35 84 19 41 67 85 100 36 36 22 11 76 69 96 74 96 27 11 36 13 62 4 20 39 72 69 41 55 69 40 13 100 29 2 36 32 4 14 33 50 67 56 88 1 85 32 20 97 11 67 67 9 43 1 49 80 79 70 72 65 30 31 89 8 39 16 16 64 15 48 55 71 62 49 33 33 8 85 37 34 40 67 3 76 34 15 63 4 40 31 54 57 26 
97 94 52 4 33 98 45 3 91 3 55 25 21 50 74 43 52 41 46 45 67 32 21 81 9 43 79 30 73 84 61 98 2 17 10 44 33 56 96 49 85 73 33 94 48 24 51 77 89 40 3 50 41 32 58 86 30 5 56 10 15 54 49 51 53 76 50 42 24 26 47 44 26 84 69 96 56 31 60 92 33 20 30 28 23 26 48 87 27 5 55 2 28 15 33 36 12 63 4 52 
9 41 37 18 47 83 55 43 73 61 23 97 14 35 20 21 21 44 95 53 78 78 31 8 28 6 81 16 79 95 51 2 87 66 51 92 81 89 5 66 76 71 44 97 66 42 9 43 72 100 51 72 86 90 72 9 3 90 41 24 59 77 4 18 57 65 17 4 32 6 9 58 44 9 5 2 5 21 84 82 45 83 18 87 89 26 83 41 27 57 65 24 24 88 10 96 95 20 66 82 
4 30 92 54 93 40 37 61 15 1 37 90 49 15 87 66 34 97 82 43 90 67 71 88 40 20 14 81 51 33 60 98 22 35 51 49 2 31 38 44 57 25 36 21 23 30 38 11 40 45 99 8 28 59 85 53 99 79 91 19 97 99 8 55 49 37 21 58 43 63 4 98 9 49 15 16 25 73 22 99 26 51 23 92 3 9 75 39 67 58 14 48 53 21 68 91 90 56 80 71 
27 99 20 8 24 86 22 30 95 78 95 68 21 90 88 50 23 51 26 32 49 51 91 11 66 57 29 98 34 83 10 88 45 37 28 86 72 72 83 68 93 5 78 59 19 41 99 84 96 24 13 41 2 66 54 67 28 44 11 25 63 60 66 32 75 45 99 80 63 87 86 56 35 54 85 96 35 15 4 11 39 22 39 16 34 42 58 29 80 23 70 23 6 27 66 49 27 77 60 38 
86 89 7 33 78 76 84 89 17 36 55 67 83 60 51 48 80 78 94 84 41 29 38 100 31 12 39 3 57 32 43 62 36 18 81 95 73 51 53 61 7 83 18 43 52 41 9 32 44 4 17 85 21 22 69 96 31 70 5 42 39 38 26 85 31 18 91 40 44 39 73 75 87 77 28 12 57 76 15 18 67 12 57 76 32 49 50 56 93 65 84 81 46 3 50 42 22 92 4 39 
17 61 2 28 39 7 90 14 81 42 28 36 78 41 8 24 36 93 44 13 95 32 12 27 64 60 37 22 86 9 86 98 66 86 1 4 89 35 100 52 89 85 99 98 3 79 63 2 91 96 61 5 50 78 35 52 29 27 68 38 66 91 85 34 78 89 35 60 86 39 39 41 52 50 96 30 2 56 81 68 3 92 58 9 44 20 4 40 44 88 63 31 25 73 29 35 100 22 90 8 
24 88 14 5 84 51 26 100 28 36 20 37 10 51 36 14 99 52 65 64 41 75 57 65 35 59 55 17 82 56 58 32 100 79 27 41 54 83 79 90 93 21 100 68 95 67 34 43 5 88 40 14 39 57 71 8 77 21 23 75 38 59 1 20 13 50 68 67 22 36 82 71 9 58 4 53 38 64 53 60 62 94 80 57 13 64 14 67 68 68 85 99 39 87 84 58 88 88 67 55 
75 59 23 21 10 98 33 68 47 73 94 66 94 62 41 7 47 37 6 72 7 44 92 15 66 8 2 67 23 65 57 22 27 32 2 18 19 61 70 95 55 89 29 43 86 73 9 61 9 51 62 38 78 41 65 93 89 1 78 99 62 48 53 27 57 60 47 78 63 96 60 5 29 61 69 10 79 21 7 46 96 58 35 3 80 76 42 73 34 54 67 62 24 42 34 26 28 4 82 35 
71 1 42 8 59 50 4 12 53 15 26 7 78 38 71 96 62 4 76 42 83 25 94 95 19 37 38 39 59 77 59 54 46 98 44 5 56 76 38 68 39 20 88 88 49 68 22 70 32 60 75 64 46 2 43 91 11 40 5 28 26 13 17 64 84 46 92 66 46 82 75 83 86 86 76 60 2 91 49 68 5 93 69 15 40 16 25 55 87 51 38 90 35 5 10 84 19 32 32 43 
46 21 51 15 71 76 100 63 25 49 25 1 60 47 78 84 18 82 86 4 42 17 44 83 79 13 86 89 54 34 18 42 4 15 67 39 23 29 25 3 35 53 50 86 34 55 15 68 44 92 37 59 69 47 23 78 83 11 7 95 72 81 86 87 60 90 66 19 77 9 96 43 5 67 29 12 28 100 98 46 82 97 4 83 4 23 76 83 68 5 65 56 74 23 93 74 87 29 78 8 
50 81 42 57 3 67 75 34 38 54 9 77 68 54 15 52 34 1 87 74 19 82 30 32 60 41 38 89 83 60 65 53 10 52 86 58 56 96 89 54 34 52 35 88 58 81 23 26 10 13 47 70 98 82 79 35 9 96 73 93 96 29 70 2 84 3 99 55 73 80 82 34 60 58 79 90 20 91 70 69 14 97 80 96 34 11 28 44 6 21 91 47 11 17 13 88 42 88 69 37 
8 8 18 81 53 63 86 74 10 44 3 85 4 11 34 53 87 98 28 28 31 23 13 29 8 43 50 63 38 38 59 39 40 93 80 63 78 39 57 88 49 90 44 95 30 72 21 81 33 58 83 62 11 45 33 52 69 8 86 27 55 88 13 81 29 79 49 11 42 40 37 34 35 90 54 79 65 78 70 60 64 29 19 47 13 49 44 24 74 18 87 94 82 95 59 6 4 8 9 71 
